1 13 -1 336 915 32 32
2 13 -1 368 947 32 32
3 13 -1 1680 723 32 32
4 13 -1 1680 787 32 32
5 13 -1 1712 819 32 32
6 13 -1 3759 238 32 32
7 13 -1 3791 270 32 32
8 13 -1 3823 302 32 32
9 13 -1 3855 334 32 32
10 13 -1 3855 398 32 32
11 13 -1 3887 430 32 32
12 13 -1 3919 462 32 32
13 13 -1 3951 494 32 32
14 13 -1 1327 1070 32 32
15 13 -1 1359 1102 32 32
16 14 -1 1423 1229 32 32
17 13 -1 1391 1197 32 32
18 13 -1 1359 1165 32 32
19 14 -1 3982 527 32 32
20 14 -1 3921 142 32 32
21 13 -1 3889 110 32 32
22 13 -1 3825 46 32 32
23 13 -1 3857 78 32 32
24 15 -1 3805 32 60 10
25 15 -1 3738 223 60 10
26 13 -1 1647 688 32 32
27 15 -1 1629 671 60 10
28 15 -1 314 900 60 10
29 15 -1 1306 1055 60 10
30 16 -1 3988 545 60 10
31 16 -1 3934 159 60 10
32 16 -1 1724 837 60 10
33 16 -1 379 965 60 10
34 16 -1 1433 1246 60 10
35 19 1 3197 598 64 16
36 24 1 3276 589 16 32
37 24 -1 3124 590 16 32
38 24 -1 2296 968 16 32
39 24 1 2506 971 16 32
40 24 -1 2490 1004 16 32
41 24 1 2693 1009 16 32
42 24 1 2216 966 16 32
43 24 -1 2040 968 16 32
44 19 -1 2131 982 64 16
45 19 -1 2402 982 64 16
46 17 -1 728 1000 64 18
47 17 -1 858 1000 64 18
48 17 -1 986 999 64 18
49 20 -1 3608 78 22 96
50 24 -1 3700 493 16 32
51 24 1 3791 493 16 32
52 20 1 3092 660 22 96
53 24 -1 1668 639 16 32
54 24 1 2112 640 16 32
55 24 1 3900 234 16 32
56 24 -1 3626 241 16 32
57 24 -1 2825 1008 16 32
58 24 1 3015 1011 16 32
59 20 1 1562 978 22 96
60 4 1 3700 253 44 64
61 4 1 3755 254 44 64
62 5 1 3743 512 32 64
63 5 1 2005 640 32 64
64 5 1 2600 1023 32 64
65 5 1 2946 1022 32 64
66 6 1 2628 703 32 32
67 6 1 2513 696 32 32
68 6 1 2390 690 32 32
69 6 1 2149 705 32 32
70 6 -1 2089 914 32 32
71 6 -1 2222 914 32 32
72 6 -1 2459 924 32 32
73 6 -1 2709 910 32 32
74 8 -1 495 1027 32 64
75 8 -1 616 1087 32 64
76 9 1 604 799 28 28
77 9 1 1012 1056 28 28
78 9 1 200 1070 28 28
79 11 1 3745 135 16 32
80 11 1 3908 107 16 32
81 11 1 3966 221 16 32
82 11 1 3822 286 16 32
83 11 1 3979 649 16 32
84 11 1 3904 684 16 32
85 11 1 3785 685 16 32
86 11 1 3711 625 16 32
87 11 1 3574 675 16 32
88 11 1 3349 670 16 32
89 11 1 3179 685 16 32
90 11 1 2896 694 16 32
91 11 1 2772 694 16 32
92 11 1 2642 694 16 32
93 11 1 2524 690 16 32
94 11 1 2391 688 16 32
95 11 1 2077 680 16 32
96 11 1 1737 688 16 32
97 11 1 1874 680 16 32
98 11 1 1812 937 16 32
99 11 1 1940 935 16 32
100 11 1 2129 946 16 32
101 11 1 2441 949 16 32
102 11 1 2578 951 16 32
103 11 1 2779 1108 16 32
104 11 1 2897 1083 16 32
105 11 1 2835 936 16 32
106 11 1 2954 936 16 32
107 11 1 2648 1078 16 32
108 11 1 2442 1074 16 32
109 11 1 2302 1069 16 32
110 11 1 2188 1064 16 32
111 11 1 2062 1072 16 32
112 11 1 1874 1075 16 32
113 11 1 1737 1075 16 32
114 11 1 1610 1008 16 32
115 11 1 1296 906 16 32
116 11 1 1170 896 16 32
117 11 1 1043 912 16 32
118 11 1 915 929 16 32
119 11 1 785 943 16 32
120 11 1 650 943 16 32
121 11 1 273 977 16 32
122 11 1 469 934 16 32
123 11 1 1040 1110 16 32
124 11 1 1166 1110 16 32
125 11 1 1296 1358 16 32
126 11 1 1171 1351 16 32
127 11 1 1039 1356 16 32
128 11 1 911 1347 16 32
129 11 1 789 1349 16 32
130 11 1 657 1345 16 32
131 12 1 25 1293 22 96
132 27 1 226 1304 65 64
133 24 1 449 1248 16 32
134 12 -1 3858 30 512 32
135 12 -1 4082 94 64 96
136 12 -1 4082 270 64 192
137 12 -1 4082 462 64 128
138 12 -1 4082 654 64 192
139 12 -1 3634 174 64 64
140 12 -1 3634 254 64 32
141 12 -1 3969 158 32 32
142 12 -1 4050 158 128 32
143 12 -1 3762 222 320 32
144 12 -1 3618 318 32 96
145 12 -1 3586 494 96 192
146 12 -1 3794 478 128 32
147 12 -1 3826 542 64 96
148 12 -1 3249 542 64 32
149 12 -1 3698 542 64 32
150 12 -1 4066 542 96 32
151 12 -1 3570 606 192 32
152 12 -1 3890 606 192 32
153 12 -1 3347 610 128 32
154 12 -1 3379 498 64 192
155 12 -1 1840 608 576 32
156 12 -1 2672 608 960 32
157 12 -1 1584 496 64 192
158 12 -1 1584 640 64 32
159 12 -1 1584 720 64 64
160 12 -1 3072 496 96 192
161 12 -1 1616 672 128 32
162 12 -1 2160 672 64 32
163 12 -1 1776 832 64 32
164 12 -1 1904 832 64 32
165 12 -1 2064 864 128 32
166 12 -1 2256 864 128 32
167 12 -1 1871 990 384 32
168 12 -1 50 817 64 64
169 12 -1 50 1009 64 256
170 12 -1 1554 929 256 32
171 12 -1 306 897 64 32
172 12 -1 1490 865 256 96
173 12 -1 530 865 1024 32
174 12 -1 1010 833 64 32
175 12 -1 1298 801 640 32
176 12 -1 434 961 64 32
177 12 -1 498 993 64 32
178 12 -1 1041 1053 1024 32
179 12 -1 2801 1053 64 32
180 12 -1 3057 813 64 64
181 12 -1 3057 925 64 96
182 12 -1 3057 1069 64 128
183 12 -1 1521 1149 64 160
184 12 -1 1521 1389 64 256
185 12 -1 241 1245 448 32
186 12 -1 1505 1245 96 32
187 12 -1 945 1277 960 32
188 12 -1 32 1373 32 32
189 12 -1 2273 989 96 32
190 12 -1 2609 989 192 32
191 12 -1 2961 989 256 32
192 12 -1 2769 925 64 32
193 12 -1 2737 861 704 32
194 12 -1 3102 741 32 32
195 12 -1 1586 1090 64 96
0 0 0 0 0 0 0
